1605078946187 247.94429350207218 0
1605078946189 3683.9195085885144 1
1605078946190 3845.515716784724 2
1605078946192 2451.288243155817 3
1605078946193 1859.7855531493083 4
1605078946194 3261.0150381411872 5
1605078946196 1032.2272298040066 6
1605078946197 1141.94917605581 7
1605078946198 696.0033835068522 8
1605078946200 2791.4053759255157 9
1605078946201 2286.239723036407 10
1605078946203 2766.6649836208917 11
1605078946204 1314.4694634300135 12
1605078946205 1496.965143983024 13
1605078946207 525.6545241832542 14
1605078946208 3137.979338523193 15
1605078946210 4292.247064382603 16
1605078946211 2881.871455754925 17
1605078946212 2917.8191272738063 18
1605078946214 1917.2744900935706 19
1605078946215 3368.712436471969 20
1605078946216 3655.6369630071713 21
1605078946218 3398.232064018587 22
1605078946219 3158.5422373800257 23
1605078946220 3009.0490512362694 24
1605078946222 3496.908473768717 25
1605078946223 2679.367482811073 26
1605078946225 623.4003182233272 27
1605078946226 1862.625469029767 28
1605078946227 3105.424039835019 29
1605078946229 2965.283726784077 30
1605078946230 3464.033976429749 31
1605078946231 2343.8630291394193 32
1605078946233 2056.7008670565638 33
1605078946234 1220.0535276959727 34
1605078946236 301.94465535435967 35
1605078946237 3023.488171177433 36
1605078946238 1582.0144135777439 37
1605078946240 1557.6313619648915 38
1605078946241 2150.265182453167 39
1605078946242 1907.926163052367 40
1605078946244 485.4577707040975 41
1605078946245 351.3174101489816 42
1605078946247 1649.3919733042728 43
1605078946248 1807.0872117515228 44
1605078946249 3961.2174365812143 45
1605078946251 1868.489998126823 46
1605078946252 2781.868896331449 47
1605078946253 1520.2873683228358 48
1605078946255 655.1295195199098 49
1605078946256 3379.844458065902 50
1605078946258 2839.3778420463505 51
1605078946259 4442.8591859459975 52
1605078946260 3354.5637914607655 53
1605078946262 2526.2936747304384 54
1605078946263 569.486719928981 55
1605078946264 1590.3045849403238 56
1605078946266 1778.06625226339 57
1605078946267 2842.300485054423 58
1605078946269 2445.9869000150306 59
1605078946270 3247.7028827171644 60
