1605078946272 682.8646779337262 0
1605078946274 1761.1607017380913 1
1605078946275 1849.426014319872 2
1605078946277 1090.635659283712 3
1605078946279 1376.283226389594 4
1605078946280 1087.5972608625648 5
1605078946281 401.5258735447174 6
1605078946283 806.7767402578654 7
1605078946284 833.8952939505009 8
1605078946285 1277.9528114911122 9
1605078946287 962.6996143283434 10
1605078946288 1272.7638879683434 11
1605078946290 1674.885991729971 12
1605078946291 193.0022691301013 13
1605078946292 1242.2302668125762 14
1605078946294 2566.885394817779 15
1605078946295 2014.5276625084848 16
1605078946297 1797.6321087256947 17
1605078946298 2584.657337350373 18
1605078946299 2270.373694280252 19
1605078946301 1302.7833649178172 20
1605078946302 2113.8813790916543 21
1605078946303 2492.2340085712653 22
1605078946305 2544.3442624962927 23
1605078946306 1351.3936839509768 24
1605078946308 2045.6112086997675 25
1605078946309 1377.0896612758572 26
1605078946311 918.387970580262 27
1605078946312 1830.5397097893238 28
1605078946313 1855.4672204111369 29
1605078946315 1474.9826385449182 30
1605078946316 1033.0399159987821 31
1605078946318 1436.181383866153 32
1605078946319 1428.4702721642343 33
1605078946320 695.0019828976612 34
1605078946322 984.0691588534195 35
1605078946323 1173.6896568238194 36
1605078946324 910.2858257300576 37
1605078946326 981.2411781680671 38
1605078946327 1281.5175037170968 39
1605078946328 497.61625372921554 40
1605078946330 668.8266312747596 41
1605078946331 1125.9864783454132 42
1605078946333 1150.369851754671 43
1605078946334 1588.9934027396187 44
1605078946335 2225.1433903925063 45
1605078946337 1040.062561723122 46
1605078946338 3026.6022965299076 47
1605078946339 1128.3359251029901 48
1605078946341 1233.6548302551973 49
1605078946342 2736.380480143639 50
1605078946344 2982.2956792990735 51
1605078946345 1576.1009192566353 52
1605078946346 2577.94029904209 53
1605078946348 1776.6159067607155 54
1605078946349 629.6483285483104 55
1605078946350 1550.409967544265 56
1605078946352 2157.981128096819 57
1605078946353 1407.752382142059 58
1605078946354 2084.364156338492 59
1605078946356 1238.8306673662655 60
