1605078946358 1107.7440700655022 0
1605078946359 1580.8965792597048 1
1605078946361 1607.27182016453 2
1605078946362 1237.982363937708 3
1605078946364 1406.6752646082439 4
1605078946365 961.7349390142662 5
1605078946366 313.48421037025486 6
1605078946368 622.0476071444865 7
1605078946369 932.487206342254 8
1605078946371 1024.3644373877096 9
1605078946372 1109.295370174177 10
1605078946373 1367.0671492372667 11
1605078946375 1594.4589484836167 12
1605078946376 745.1103460715991 13
1605078946377 852.6831150127542 14
1605078946379 1882.4886669283012 15
1605078946380 2322.242004831586 16
1605078946381 1674.8870149456484 17
1605078946383 1900.9058988830695 18
1605078946384 2066.3007997179416 19
1605078946386 1529.6261460311443 20
1605078946387 1402.7756083154813 21
1605078946388 2075.3024668456037 22
1605078946390 1747.1554436404585 23
1605078946391 1370.9354940815447 24
1605078946392 2400.694464074281 25
1605078946394 1353.846846813047 26
1605078946395 1108.3618616048675 27
1605078946397 1227.3185823410195 28
1605078946398 995.0045788581996 29
1605078946399 1866.3248573856201 30
1605078946401 1237.6331636971245 31
1605078946402 1600.2627328473407 32
1605078946403 991.5420099526664 33
1605078946405 917.3541269221229 34
1605078946406 177.2046156794457 35
1605078946407 1571.5536413530363 36
1605078946409 571.9104040338101 37
1605078946410 726.0960461322265 38
1605078946411 1146.0841066634896 39
1605078946413 1001.19843886485 40
1605078946414 366.3419472282433 41
1605078946415 614.6549581326841 42
1605078946417 1973.1191007382401 43
1605078946418 924.1207197232195 44
1605078946420 1809.7057415019021 45
1605078946421 1364.4706887262366 46
1605078946422 1854.4484194387312 47
1605078946424 1278.6130304807816 48
1605078946425 1319.0405974926646 49
1605078946426 2049.577527632387 50
1605078946428 1743.8585089158473 51
1605078946429 1703.481419596396 52
1605078946430 1737.1296868692075 53
1605078946432 1492.3413303693612 54
1605078946433 857.0005054944504 55
1605078946434 1798.2299557547367 56
1605078946436 923.3754997425307 57
1605078946437 1911.7138248040067 58
1605078946438 984.0634027639029 59
1605078946440 1343.577334752076 60
