1605078784311 0.0 0
1605078784312 3125.4441889804843 1
1605078784314 5332.270614250421 2
1605078784315 0.0 3
1605078784317 0.0 4
1605078784318 3148.028579105637 5
1605078784319 0.0 6
1605078784321 0.0 7
1605078784322 0.0 8
1605078784323 736.293009443013 9
1605078784325 0.0 10
1605078784326 722.0539387026984 11
1605078784328 0.0 12
1605078784329 0.0 13
1605078784330 0.0 14
1605078784332 1786.9800791393318 15
1605078784333 4513.829244645 16
1605078784334 1448.3883056757404 17
1605078784336 931.0462728236689 18
1605078784337 0.0 19
1605078784339 2400.451757870561 20
1605078784340 5195.367123596702 21
1605078784341 3814.9686926860377 22
1605078784343 3340.2967789007594 23
1605078784344 1312.970825680437 24
1605078784345 4313.554419015785 25
1605078784347 1635.2999702286534 26
1605078784348 0.0 27
1605078784350 0.0 28
1605078784351 2006.5834313520704 29
1605078784352 2381.2281984032934 30
1605078784354 4538.864402485487 31
1605078784355 0.0 32
1605078784356 0.0 33
1605078784358 0.0 34
1605078784359 0.0 35
1605078784361 2002.121592818562 36
1605078784362 0.0 37
1605078784363 0.0 38
1605078784365 0.0 39
1605078784366 0.0 40
1605078784367 0.0 41
1605078784369 0.0 42
1605078784370 0.0 43
1605078784372 0.0 44
1605078784373 4452.848727744107 45
1605078784374 0.0 46
1605078784376 1836.4548626117253 47
1605078784377 0.0 48
1605078784379 0.0 49
1605078784380 3782.8659573361874 50
1605078784381 3712.544239241345 51
1605078784383 9195.958350348466 52
1605078784384 3727.8873014217456 53
1605078784385 1644.026882372314 54
1605078784387 0.0 55
1605078784388 0.0 56
1605078784390 0.0 57
1605078784391 2823.2734220010343 58
1605078784392 0.0 59
1605078784394 5145.602592425799 60
