1605078784396 412.4765267850675 0
1605078784397 1764.6934603175678 1
1605078784399 1943.8674496505464 2
1605078784400 926.0403964967306 3
1605078784402 1321.2030900697623 4
1605078784403 907.6935901852745 5
1605078784404 107.15899684379463 6
1605078784406 665.5163702907707 7
1605078784407 598.4919772529073 8
1605078784409 1078.5576687789305 9
1605078784410 677.1416521518138 10
1605078784411 1166.5342958525935 11
1605078784413 1600.1750416365326 12
1605078784414 0.0 13
1605078784416 1079.623532605388 14
1605078784417 2794.3134609161943 15
1605078784418 1978.2704032600373 16
1605078784420 1766.63715411631 17
1605078784421 2841.6064390782994 18
1605078784422 2550.5035009564967 19
1605078784424 1163.2762978240894 20
1605078784425 2424.743046475824 21
1605078784427 2698.0590773789845 22
1605078784428 2820.2076288497115 23
1605078784429 1260.70614004569 24
1605078784431 2126.4116815730154 25
1605078784432 1373.8605102015708 26
1605078784434 737.2180366748552 27
1605078784435 1785.1174829432894 28
1605078784436 1881.9001031355438 29
1605078784438 1466.3341808162454 30
1605078784439 846.9209497290288 31
1605078784440 1337.765049943106 32
1605078784442 1353.3524842322804 33
1605078784443 445.27973292951447 34
1605078784445 880.3590622130089 35
1605078784446 1052.128025411939 36
1605078784448 703.79045331496 37
1605078784449 693.4983979294419 38
1605078784450 1154.3554323104026 39
1605078784452 179.01430168218337 40
1605078784453 297.5591984130689 41
1605078784454 881.3164018097278 42
1605078784456 1003.8045479188063 43
1605078784457 1593.477705967997 44
1605078784459 2166.2924837446444 45
1605078784460 846.8852231611846 46
1605078784461 3392.966859888433 47
1605078784463 1006.5994515417483 48
1605078784464 1140.689195976519 49
1605078784466 3066.097139508241 50
1605078784467 3524.0086092532683 51
1605078784468 1544.9793160401816 52
1605078784470 2906.1798285003288 53
1605078784471 1858.263507881119 54
1605078784472 360.7243740524224 55
1605078784474 1498.080896076092 56
1605078784475 2325.505912196931 57
1605078784477 1404.8229349027552 58
1605078784478 2086.886347544554 59
1605078784479 1132.267233475791 60
