1605078784482 362.20166541293315 0
1605078784483 1022.9746877197688 1
1605078784484 1024.6473103860737 2
1605078784486 429.59576284858895 3
1605078784487 860.2348400444882 4
1605078784488 66.10156111575884 5
1605078784490 0.0 6
1605078784491 0.0 7
1605078784493 0.0 8
1605078784494 0.0 9
1605078784495 125.59318445696431 10
1605078784497 585.6802976212198 11
1605078784498 1009.528725635532 12
1605078784500 0.0 13
1605078784501 0.0 14
1605078784502 1659.5537819851716 15
1605078784504 2190.6182941998413 16
1605078784505 1204.2451919526284 17
1605078784506 1684.0380975079788 18
1605078784508 2336.000337595257 19
1605078784509 728.5632374843881 20
1605078784511 831.4925724660626 21
1605078784512 2086.4938171779863 22
1605078784513 1557.2621905896872 23
1605078784515 655.8068806563931 24
1605078784516 2373.729633967433 25
1605078784517 751.5448632245491 26
1605078784519 436.87870857813937 27
1605078784520 342.14183703983974 28
1605078784522 266.19223343704357 29
1605078784523 1514.470296584495 30
1605078784524 305.12709024911067 31
1605078784526 1009.1478197554675 32
1605078784527 0.0 33
1605078784528 0.0 34
1605078784530 0.0 35
1605078784531 1030.850643404232 36
1605078784533 0.0 37
1605078784534 0.0 38
1605078784535 128.82878617684878 39
1605078784537 0.0 40
1605078784538 0.0 41
1605078784539 0.0 42
1605078784541 1833.8375584648863 43
1605078784542 0.0 44
1605078784544 1253.6501621558878 45
1605078784545 721.424493725692 46
1605078784546 1587.9573587389673 47
1605078784548 514.9005903546955 48
1605078784549 627.5779395284152 49
1605078784550 2001.780185936261 50
1605078784552 1657.792016201339 51
1605078784553 1359.997720236333 52
1605078784555 1320.191466863319 53
1605078784556 1117.5512460292405 54
1605078784557 0.0 55
1605078784559 1495.9646405008111 56
1605078784560 0.0 57
1605078784561 2023.934795018129 58
1605078784563 0.0 59
1605078784564 557.3273211728699 60
