1605078856163 0.0 0
1605078856164 3125.4441889804843 1
1605078856165 5332.270614250421 2
1605078856167 0.0 3
1605078856168 0.0 4
1605078856170 3148.028579105637 5
1605078856171 0.0 6
1605078856172 0.0 7
1605078856174 0.0 8
1605078856175 736.293009443013 9
1605078856177 0.0 10
1605078856178 722.0539387026984 11
1605078856180 0.0 12
1605078856181 0.0 13
1605078856182 0.0 14
1605078856184 1786.9800791393318 15
1605078856185 4513.829244645 16
1605078856187 1448.3883056757404 17
1605078856188 931.0462728236689 18
1605078856189 0.0 19
1605078856192 2400.451757870561 20
1605078856193 5195.367123596702 21
1605078856194 3814.9686926860377 22
1605078856196 3340.2967789007594 23
1605078856197 1312.970825680437 24
1605078856199 4313.554419015785 25
1605078856200 1635.2999702286534 26
1605078856201 0.0 27
1605078856203 0.0 28
1605078856204 2006.5834313520704 29
1605078856206 2381.2281984032934 30
1605078856207 4538.864402485487 31
1605078856209 0.0 32
1605078856210 0.0 33
1605078856211 0.0 34
1605078856213 0.0 35
1605078856214 2002.121592818562 36
1605078856216 0.0 37
1605078856217 0.0 38
1605078856218 0.0 39
1605078856220 0.0 40
1605078856221 0.0 41
1605078856223 0.0 42
1605078856225 0.0 43
1605078856226 0.0 44
1605078856228 4452.848727744107 45
1605078856229 0.0 46
1605078856230 1836.4548626117253 47
1605078856232 0.0 48
1605078856233 0.0 49
1605078856235 3782.8659573361874 50
1605078856236 3712.544239241345 51
1605078856237 9195.958350348466 52
1605078856239 3727.8873014217456 53
1605078856240 1644.026882372314 54
1605078856242 0.0 55
1605078856243 0.0 56
1605078856245 0.0 57
1605078856246 2823.2734220010343 58
1605078856247 0.0 59
1605078856249 5145.602592425799 60
