1605078856251 412.4765267850675 0
1605078856252 1764.6934603175678 1
1605078856254 1943.8674496505464 2
1605078856255 926.0403964967306 3
1605078856257 1321.2030900697623 4
1605078856258 907.6935901852745 5
1605078856260 107.15899684379463 6
1605078856261 665.5163702907707 7
1605078856263 598.4919772529073 8
1605078856264 1078.5576687789305 9
1605078856265 677.1416521518138 10
1605078856267 1166.5342958525935 11
1605078856268 1600.1750416365326 12
1605078856270 0.0 13
1605078856271 1079.623532605388 14
1605078856272 2794.3134609161943 15
1605078856274 1978.2704032600373 16
1605078856275 1766.63715411631 17
1605078856277 2841.6064390782994 18
1605078856278 2550.5035009564967 19
1605078856280 1163.2762978240894 20
1605078856281 2424.743046475824 21
1605078856282 2698.0590773789845 22
1605078856284 2820.2076288497115 23
1605078856285 1260.70614004569 24
1605078856287 2126.4116815730154 25
1605078856288 1373.8605102015708 26
1605078856289 737.2180366748552 27
1605078856291 1785.1174829432894 28
1605078856292 1881.9001031355438 29
1605078856294 1466.3341808162454 30
1605078856295 846.9209497290288 31
1605078856297 1337.765049943106 32
1605078856298 1353.3524842322804 33
1605078856299 445.27973292951447 34
1605078856301 880.3590622130089 35
1605078856302 1052.128025411939 36
1605078856304 703.79045331496 37
1605078856305 693.4983979294419 38
1605078856306 1154.3554323104026 39
1605078856308 179.01430168218337 40
1605078856309 297.5591984130689 41
1605078856311 881.3164018097278 42
1605078856312 1003.8045479188063 43
1605078856313 1593.477705967997 44
1605078856315 2166.2924837446444 45
1605078856316 846.8852231611846 46
1605078856318 3392.966859888433 47
1605078856319 1006.5994515417483 48
1605078856320 1140.689195976519 49
1605078856322 3066.097139508241 50
1605078856323 3524.0086092532683 51
1605078856325 1544.9793160401816 52
1605078856326 2906.1798285003288 53
1605078856328 1858.263507881119 54
1605078856329 360.7243740524224 55
1605078856330 1498.080896076092 56
1605078856332 2325.505912196931 57
1605078856333 1404.8229349027552 58
1605078856335 2086.886347544554 59
1605078856336 1132.267233475791 60
