1605078856338 362.20166541293315 0
1605078856340 1022.9746877197688 1
1605078856341 1024.6473103860737 2
1605078856343 429.59576284858895 3
1605078856344 860.2348400444882 4
1605078856345 66.10156111575884 5
1605078856347 0.0 6
1605078856348 0.0 7
1605078856350 0.0 8
1605078856351 0.0 9
1605078856352 125.59318445696431 10
1605078856354 585.6802976212198 11
1605078856355 1009.528725635532 12
1605078856357 0.0 13
1605078856358 0.0 14
1605078856360 1659.5537819851716 15
1605078856361 2190.6182941998413 16
1605078856363 1204.2451919526284 17
1605078856364 1684.0380975079788 18
1605078856365 2336.000337595257 19
1605078856367 728.5632374843881 20
1605078856368 831.4925724660626 21
1605078856370 2086.4938171779863 22
1605078856371 1557.2621905896872 23
1605078856372 655.8068806563931 24
1605078856374 2373.729633967433 25
1605078856375 751.5448632245491 26
1605078856377 436.87870857813937 27
1605078856378 342.14183703983974 28
1605078856380 266.19223343704357 29
1605078856381 1514.470296584495 30
1605078856382 305.12709024911067 31
1605078856384 1009.1478197554675 32
1605078856385 0.0 33
1605078856387 0.0 34
1605078856388 0.0 35
1605078856389 1030.850643404232 36
1605078856391 0.0 37
1605078856392 0.0 38
1605078856394 128.82878617684878 39
1605078856395 0.0 40
1605078856397 0.0 41
1605078856398 0.0 42
1605078856399 1833.8375584648863 43
1605078856401 0.0 44
1605078856402 1253.6501621558878 45
1605078856404 721.424493725692 46
1605078856405 1587.9573587389673 47
1605078856406 514.9005903546955 48
1605078856408 627.5779395284152 49
1605078856409 2001.780185936261 50
1605078856411 1657.792016201339 51
1605078856412 1359.997720236333 52
1605078856414 1320.191466863319 53
1605078856415 1117.5512460292405 54
1605078856416 0.0 55
1605078856418 1495.9646405008111 56
1605078856419 0.0 57
1605078856421 2023.934795018129 58
1605078856422 0.0 59
1605078856424 557.3273211728699 60
